Date,Open,High,Low
2014-12-31,310.914001,320.192993,310.210999
2015-01-01,320.434998,320.434998,314.002991
2015-01-02,314.079010,315.838989,313.565002
2015-01-03,314.846008,315.149994,281.082001
2015-01-04,281.145996,287.230011,257.612000
2015-01-05,265.084015,278.341003,265.084015
2015-01-06,274.610992,287.553009,272.696014
2015-01-07,286.076996,298.753998,283.079010
2015-01-08,294.135010,294.135010,282.174988
2015-01-09,282.382996,291.114014,280.532990
2015-01-10,287.303009,288.127014,273.966003
2015-01-11,274.608002,279.638000,265.039001
2015-01-12,266.145996,272.203003,265.200012
2015-01-13,267.394012,268.277008,219.906006
2015-01-14,223.893997,223.893997,171.509995
2015-01-15,176.897003,229.067001,176.897003
2015-01-16,209.070007,221.591003,199.770996
2015-01-17,207.834000,211.731003,194.875000
2015-01-18,200.050003,218.695007,194.505997
2015-01-19,211.470993,216.727997,207.317993
2015-01-20,212.906998,215.240997,205.153000
2015-01-21,211.378006,227.787994,211.212006
2015-01-22,227.322006,237.018997,226.434006
2015-01-23,233.516998,234.845001,225.195999
2015-01-24,232.699997,248.210007,230.022003
2015-01-25,247.352005,255.074005,243.889999
2015-01-26,254.078995,309.384003,254.078995
2015-01-27,273.166992,275.480011,250.653000
2015-01-28,263.351013,266.535004,227.046005
2015-01-29,233.348007,238.705994,220.712006
2015-01-30,232.772003,242.850998,225.839005
2015-01-31,226.440994,233.503998,216.309006
2015-02-01,216.867004,231.574005,212.014999
2015-02-02,226.490997,242.175003,222.658997
2015-02-03,237.453995,245.957001,224.483002
2015-02-04,227.511002,230.057999,221.113007
2015-02-05,227.664993,239.404999,214.725006
2015-02-06,216.923004,230.509995,216.231995
2015-02-07,222.632996,230.298996,222.606995
2015-02-08,227.692993,229.438004,221.076996
2015-02-09,223.389008,223.977005,217.018997
2015-02-10,220.281998,221.807007,215.332001
2015-02-11,219.731995,223.406006,218.074005
2015-02-12,219.207993,222.199005,217.613998
2015-02-13,221.968994,240.259003,221.261993
2015-02-14,235.528000,259.808014,235.528000
2015-02-15,257.506989,265.610992,227.684006
2015-02-16,234.824997,239.520996,229.022003
2015-02-17,233.421997,245.774994,232.313995
2015-02-18,243.779999,244.251007,232.339996
2015-02-19,236.410004,242.671997,235.591995
2015-02-20,240.251007,247.100998,239.298996
2015-02-21,243.751999,255.320007,243.184006
2015-02-22,244.544006,246.391998,233.850998
2015-02-23,235.994995,240.108994,232.421005
2015-02-24,238.998001,239.901001,236.401993
2015-02-25,238.889999,239.339996,235.529999
2015-02-26,237.337006,237.710007,234.257004
2015-02-27,236.436005,256.653015,236.436005
2015-02-28,253.520004,254.692001,249.479004
2015-03-01,254.283005,261.660004,245.932999
2015-03-02,260.356995,276.300995,258.312988
2015-03-03,275.045990,285.795990,268.161011
2015-03-04,281.989990,284.225006,268.126007
2015-03-05,272.739014,281.666992,264.769012
2015-03-06,275.600006,277.608002,270.015015
2015-03-07,272.294006,277.854004,270.132996
2015-03-08,276.433014,277.858002,272.565002
2015-03-09,274.812012,292.700989,273.893005
2015-03-10,289.862000,300.044006,289.743011
2015-03-11,291.524994,297.390991,290.507996
2015-03-12,296.127014,297.088013,292.412994
2015-03-13,294.118011,294.497986,285.337006
2015-03-14,284.441986,286.342010,280.976013
2015-03-15,281.424988,286.528992,280.996002
2015-03-16,285.684998,294.112000,285.684998
2015-03-17,290.595001,292.364990,284.373993
2015-03-18,285.066986,285.335999,249.869995
2015-03-19,255.880005,264.243988,248.636002
2015-03-20,260.955994,264.847992,259.161987
2015-03-21,261.644012,262.196014,255.649994
2015-03-22,259.916992,269.747009,259.589996
2015-03-23,267.894989,277.296997,261.744995
2015-03-24,266.576996,267.002991,244.154999
2015-03-25,247.472000,249.190002,236.514999
2015-03-26,246.276001,254.354004,244.904999
2015-03-27,248.565994,256.811005,245.212997
2015-03-28,246.975006,254.205002,246.975006
2015-03-29,252.740005,253.139008,240.850006
2015-03-30,242.878998,249.242004,239.214005
2015-03-31,247.453995,248.729996,242.738998
2015-04-01,244.223007,247.541000,241.160004
2015-04-02,247.089005,254.460999,245.416000
2015-04-03,253.074005,256.042999,251.878998
2015-04-04,254.291000,255.257996,251.100006
2015-04-05,253.761002,260.674988,251.942001
2015-04-06,260.721008,261.798004,254.574997
2015-04-07,255.274002,255.804993,252.205002
2015-04-08,253.063995,253.847000,244.214996
2015-04-09,244.751007,246.117996,239.399994
2015-04-10,243.694000,243.694000,232.770996
2015-04-11,236.016006,239.537003,234.175003
2015-04-12,236.535004,237.727997,233.494995
2015-04-13,235.949997,236.934998,221.996002
2015-04-14,224.759003,224.975998,216.322998
2015-04-15,219.072998,223.832993,218.649002
2015-04-16,223.917007,229.671997,223.917007
2015-04-17,228.574997,228.906006,221.942001
2015-04-18,222.852997,224.315994,220.876007
2015-04-19,223.455994,226.352997,222.373001
2015-04-20,222.612000,226.350998,221.977005
2015-04-21,224.619995,235.268997,224.300995
2015-04-22,235.602005,237.908997,233.475998
2015-04-23,234.052994,236.475006,233.199005
2015-04-24,235.970001,236.304993,229.932999
2015-04-25,231.235001,232.561005,226.337006
2015-04-26,226.410004,226.944000,214.873993
2015-04-27,219.429001,233.304993,218.022995
2015-04-28,228.968994,229.494995,223.069000
2015-04-29,225.591003,227.039993,223.429993
2015-04-30,225.692993,239.563004,224.992996
2015-05-01,235.938995,238.966003,232.078995
2015-05-02,232.341003,235.727005,232.341003
2015-05-03,234.880005,243.240005,234.082993
2015-05-04,240.356003,242.638000,237.809998
2015-05-05,238.852005,239.203995,232.054001
2015-05-06,236.248993,236.453995,229.231003
2015-05-07,229.662003,239.104996,228.572998
2015-05-08,237.203995,246.274994,236.274002
2015-05-09,243.768997,247.804001,239.639008
2015-05-10,241.729004,244.067993,238.848999
2015-05-11,240.298996,244.270004,239.376007
2015-05-12,242.145004,242.880997,240.098999
2015-05-13,241.397995,243.703995,235.044998
2015-05-14,236.214005,237.798996,234.057007
2015-05-15,236.955002,238.753006,236.794998
2015-05-16,237.643997,237.697006,235.294998
2015-05-17,236.009995,238.024994,236.009995
2015-05-18,236.886993,237.210007,232.460007
2015-05-19,233.037003,234.151001,231.817001
2015-05-20,231.889999,234.682999,231.841995
2015-05-21,234.016006,236.242004,233.835007
2015-05-22,235.320999,240.968994,235.059998
2015-05-23,240.285995,241.024994,238.690994
2015-05-24,238.975998,241.977997,238.811005
2015-05-25,240.927002,241.020996,236.636993
2015-05-26,237.104004,238.242004,235.692001
2015-05-27,237.065002,238.636002,236.695007
2015-05-28,237.257004,237.824005,236.651993
2015-05-29,237.376999,237.522003,235.731003
2015-05-30,237.091995,237.093002,232.046005
2015-05-31,233.134995,233.251999,229.542007
2015-06-01,230.233002,231.712997,221.296005
2015-06-02,222.893997,226.416000,222.419006
2015-06-03,225.735992,227.404007,223.929993
2015-06-04,225.772003,226.580994,224.054001
2015-06-05,224.154007,225.968002,223.179001
2015-06-06,225.005005,225.718994,224.378998
2015-06-07,225.595993,226.194000,222.651993
2015-06-08,222.878998,229.464005,222.839005
2015-06-09,228.537994,230.953995,227.929001
2015-06-10,228.994995,229.781998,228.009995
2015-06-11,228.854996,230.287003,228.766998
2015-06-12,229.705002,231.057007,229.313004
2015-06-13,229.919998,232.651993,229.210007
2015-06-14,232.442001,234.858002,232.003998
2015-06-15,233.421997,237.835999,233.421997
2015-06-16,236.764999,251.742004,236.121994
2015-06-17,250.822998,256.852997,246.475998
2015-06-18,249.427994,252.108002,244.126999
2015-06-19,249.042999,250.977005,243.787003
2015-06-20,244.529999,245.828003,240.626999
2015-06-21,245.100006,245.223999,241.882004
2015-06-22,243.968994,247.917007,243.779007
2015-06-23,246.927002,247.304001,243.132996
2015-06-24,244.281998,244.341003,240.514999
2015-06-25,240.365005,243.332001,240.365005
2015-06-26,242.604004,243.748993,241.552994
2015-06-27,243.548996,251.339005,243.117004
2015-06-28,250.955002,251.171997,247.434006
2015-06-29,248.720993,257.173004,248.580994
2015-06-30,257.036011,267.867004,255.945999
2015-07-01,263.345001,265.171997,255.774002
2015-07-02,258.552002,261.631012,254.115997
2015-07-03,255.459000,257.076996,253.505005
2015-07-04,256.490997,261.457001,254.199997
2015-07-05,260.804993,274.506012,258.700989
2015-07-06,271.108002,277.421997,267.600006
2015-07-07,269.963013,271.341003,264.832001
2015-07-08,265.981995,272.971008,264.385986
2015-07-09,270.826996,272.334991,267.085999
2015-07-10,269.156006,294.591003,268.802002
2015-07-11,284.880005,298.506012,283.529999
2015-07-12,293.140015,314.394012,292.505005
2015-07-13,310.826996,310.947998,281.010986
2015-07-14,292.033997,296.147003,286.638000
2015-07-15,288.045013,293.247986,285.367004
2015-07-16,286.041992,291.183014,275.239990
2015-07-17,278.091003,280.279999,272.042999
2015-07-18,279.330994,282.527008,274.075012
2015-07-19,274.766998,275.670013,272.513000
2015-07-20,273.498993,278.980988,272.959991
2015-07-21,278.881989,280.546997,275.419006
2015-07-22,275.657013,277.665985,274.381012
2015-07-23,277.341003,278.110992,275.716003
2015-07-24,276.005005,289.252991,275.253998
2015-07-25,288.164001,290.733002,286.002014
2015-07-26,288.640015,293.052002,287.705994
2015-07-27,292.639008,297.773987,287.450012
2015-07-28,293.632996,296.648987,293.423004
2015-07-29,294.484009,294.536011,288.777008
2015-07-30,289.102997,290.126007,286.567993
2015-07-31,287.696014,288.959015,282.343994
2015-08-01,284.686005,284.932007,278.112000
2015-08-02,280.449005,283.032013,277.528992
2015-08-03,282.806000,285.471008,280.233002
2015-08-04,281.225006,285.714996,281.225006
2015-08-05,284.846985,285.501007,281.488007
2015-08-06,281.906006,281.906006,278.403015
2015-08-07,278.740997,280.391998,276.365997
2015-08-08,279.742004,279.928009,260.709991
2015-08-09,261.115997,267.002991,260.467987
2015-08-10,265.477997,267.032013,262.596008
2015-08-11,264.342010,270.385986,264.093994
2015-08-12,270.597992,270.673004,265.468994
2015-08-13,266.183014,266.231995,262.841003
2015-08-14,264.131989,267.466003,261.477997
2015-08-15,265.528992,266.666992,261.295990
2015-08-16,261.865997,262.440002,257.040985
2015-08-17,258.489990,260.505005,257.117004
2015-08-18,257.925995,257.993011,211.078995
2015-08-19,225.671005,237.408997,222.766006
2015-08-20,226.899002,237.365005,226.899002
2015-08-21,235.354996,236.432007,231.723999
2015-08-22,232.662003,234.957001,222.703995
2015-08-23,230.376007,232.705002,225.580002
2015-08-24,228.112000,228.139008,210.442993
2015-08-25,210.067993,226.320999,199.567001
2015-08-26,222.076004,231.182999,220.203995
2015-08-27,226.050003,228.643005,223.684006
2015-08-28,224.701004,235.218994,220.925995
2015-08-29,231.548996,233.222000,227.330002
2015-08-30,229.895004,232.067993,226.246994
2015-08-31,229.113998,231.955994,225.914993
2015-09-01,230.255997,231.216003,226.860001
2015-09-02,228.026993,230.576996,226.475006
2015-09-03,229.324005,229.604996,226.667007
2015-09-04,227.214996,230.899994,227.050995
2015-09-05,230.199005,236.143005,229.442993
2015-09-06,234.869995,242.912003,234.681000
2015-09-07,239.934006,242.106003,238.722000
2015-09-08,239.845993,245.781006,239.677994
2015-09-09,243.414993,244.416000,237.820999
2015-09-10,238.335999,241.292999,235.791000
2015-09-11,238.328995,241.169006,238.328995
2015-09-12,239.854996,240.123993,234.753998
2015-09-13,235.242004,235.934998,229.332001
2015-09-14,230.608994,232.440002,227.960999
2015-09-15,230.492004,259.182007,229.822006
2015-09-16,230.250000,231.214996,227.401993
2015-09-17,229.076004,230.285004,228.925995
2015-09-18,233.520996,234.352997,232.184998
2015-09-19,232.858002,233.205002,231.089005
2015-09-20,231.399002,232.365005,230.910004
2015-09-21,231.216995,231.216995,226.520996
2015-09-22,226.968994,232.386002,225.117004
2015-09-23,230.936005,231.835007,229.591003
2015-09-24,230.358002,235.649002,230.294998
2015-09-25,234.362000,237.427002,233.684006
2015-09-26,235.076004,235.403000,233.358002
2015-09-27,234.139008,234.526001,232.475998
2015-09-28,232.835999,239.339005,232.466995
2015-09-29,239.016006,239.802002,235.927994
2015-09-30,236.639999,237.733994,235.628998
2015-10-01,236.003998,238.445007,235.615997
2015-10-02,237.264008,238.541000,236.602997
2015-10-03,237.201996,239.315002,236.944000
2015-10-04,238.531006,238.968002,237.940002
2015-10-05,238.147003,240.382996,237.035004
2015-10-06,240.363998,246.934998,240.136002
2015-10-07,246.169998,246.681000,242.585007
2015-10-08,243.074997,244.251007,242.179001
2015-10-09,242.498001,244.227997,242.121994
2015-10-10,243.740005,245.319000,243.074005
2015-10-11,244.742004,247.242996,244.151993
2015-10-12,246.875000,247.453995,245.179001
2015-10-13,245.199997,250.235992,243.757004
2015-10-14,249.492996,254.274994,248.903000
2015-10-15,252.106995,255.962006,252.046005
2015-10-16,254.296005,266.135010,253.925995
2015-10-17,262.747009,273.578003,262.367004
2015-10-18,270.907013,271.667999,260.777008
2015-10-19,261.860992,264.820007,260.950989
2015-10-20,263.571991,270.834991,263.226990
2015-10-21,269.306000,270.769989,263.838989
2015-10-22,266.496002,276.510010,266.135010
2015-10-23,273.648987,278.683990,273.542999
2015-10-24,276.503998,281.705994,276.503998
2015-10-25,281.445007,294.058990,281.445007
2015-10-26,283.627991,285.299988,280.510010
2015-10-27,285.181000,296.212006,285.007996
2015-10-28,293.703003,306.330994,293.703003
2015-10-29,304.324005,318.170013,301.822998
2015-10-30,313.942993,334.169006,313.940002
2015-10-31,328.511993,332.777008,309.251007
2015-11-01,315.005005,327.471985,311.881012
2015-11-02,325.941986,365.359985,323.209015
2015-11-03,361.872986,417.899994,357.647003
2015-11-04,403.664001,495.562012,380.548004
2015-11-05,408.076996,447.561005,374.580994
2015-11-06,388.046997,395.835999,354.024994
2015-11-07,374.269012,390.585999,372.433014
2015-11-08,384.278015,389.894989,368.700012
2015-11-09,374.324005,385.278015,362.894989
2015-11-10,379.984009,381.386993,329.108002
2015-11-11,339.820007,340.584991,300.997009
2015-11-12,314.079010,345.080994,313.355988
2015-11-13,338.497986,340.914001,326.075012
2015-11-14,336.623993,338.181000,329.970001
2015-11-15,333.050995,334.661987,317.489990
2015-11-16,319.734985,331.626007,315.904999
2015-11-17,330.362000,338.350006,329.614014
2015-11-18,334.592987,336.531006,330.640015
2015-11-19,334.678986,335.334015,325.273010
2015-11-20,326.411011,326.472992,312.217010
2015-11-21,322.092010,328.158997,319.595001
2015-11-22,326.975006,327.010010,321.259003
2015-11-23,324.350006,325.118011,321.290009
2015-11-24,323.014008,323.058014,318.118011
2015-11-25,320.045013,329.134003,316.769989
2015-11-26,328.303009,366.756989,328.229004
2015-11-27,351.860992,363.588989,347.869995
2015-11-28,357.140991,359.536011,352.171997
2015-11-29,357.471985,371.938995,355.665985
2015-11-30,371.437012,382.363007,370.382996
2015-12-01,377.414001,378.931000,356.562988
2015-12-02,361.845001,362.231995,349.464996
2015-12-03,359.330994,370.274994,357.411987
2015-12-04,361.261993,363.515991,355.756989
2015-12-05,363.721008,389.785004,363.229004
2015-12-06,389.554993,402.808990,387.088989
2015-12-07,389.977997,399.968994,385.411011
2015-12-08,395.753998,415.562988,389.950012
2015-12-09,414.441010,423.119995,406.290985
2015-12-10,417.988007,419.509003,411.548004
2015-12-11,415.281006,451.937988,415.281006
2015-12-12,452.334991,469.102997,410.740997
2015-12-13,431.660004,441.679993,426.268005
2015-12-14,433.272003,447.141998,430.455994
2015-12-15,443.877991,465.321014,443.877991
2015-12-16,465.208008,465.208008,443.851013
2015-12-17,454.777008,457.859985,448.858002
2015-12-18,455.846985,465.177002,454.940002
2015-12-19,463.552002,465.580994,456.765015
2015-12-20,462.234009,462.644989,434.338013
2015-12-21,442.838013,444.729004,427.312012
2015-12-22,437.436005,443.687988,435.515991
2015-12-23,436.720001,444.528992,436.618988
2015-12-24,443.091003,458.455994,443.076996
2015-12-25,454.855011,458.304993,452.075012
2015-12-26,455.756012,457.489014,405.760010
2015-12-27,416.514008,424.006989,408.882996
2015-12-28,423.342987,429.769012,418.480988
2015-12-29,422.097992,432.983002,420.627014
